Yongliang Lu, Una Benlic, and Qinghua Wu. "A hybrid evolutionary algorithm for the capacitated minimum spanning tree problem". Last updated: 06/02/2022

The 9 improved best-known solutions obtained by our proposed algorithm in the above paper are available as follows.


The format of the solution is as follows:

First row:  the instance name
Second row: the capacity value of instance, and objective value (sum cost of all the edges in the capacitated spanning tree)
Then, the edges of spanning tree, for each edge: (begin vertex, end vertex)


te120-4.dat
Q=10,cost=1229
edges:
(120,51) (51,101) (101,55) (55,45) (45,112) (112,118) (118,95) (95,82) (82,102) (102,56) (120,27) (27,63) (63,41) (41,87) (87,104) (104,36) (36,1) (1,119) (1,69) (69,53) (120,29) (29,107) (107,65) (65,67) (67,25) (25,94) (94,115) (25,58) (67,96) (96,37) (120,26) (26,50) (50,20) (20,83) (83,28) (28,2) (28,31) (31,66) (2,59) (59,113) (120,76) (76,24) (24,75) (75,116) (116,34) (34,103) (103,114) (103,61) (61,42) (42,77) (120,74) (74,70) (70,110) (110,13) (13,86) (86,64) (86,92) (92,91) (91,48) (48,19) (120,17) (17,68) (68,0) (0,71) (0,109) (109,23) (23,16) (16,97) (97,18) (18,38) (120,8) (8,32) (32,117) (117,47) (117,15) (15,6) (6,3) (3,46) (46,5) (3,60) (120,10) (10,12) (12,106) (106,78) (78,22) (22,80) (80,79) (80,111) (111,100) (80,57) (120,11) (11,89) (89,93) (93,81) (81,85) (81,9) (9,84) (9,62) (62,90) (90,33) (120,39) (39,44) (44,49) (49,73) (73,21) (21,54) (54,108) (108,98) (98,4) (54,105) (120,14) (14,88) (88,52) (52,72) (72,43) (43,30) (30,40) (40,7) (7,99) (99,35) 


te120-2.dat
Q=20,cost=783
edges:
(120,78) (78,51) (51,20) (20,15) (15,76) (76,108) (108,60) (60,72) (60,95) (95,12) (12,23) (23,9) (9,66) (66,45) (45,38) (38,97) (45,2) (2,83) (83,80) (2,24) (120,115) (115,4) (4,26) (26,1) (1,64) (64,92) (92,90) (90,81) (81,47) (47,8) (47,54) (54,40) (40,103) (103,63) (63,98) (98,109) (109,107) (107,56) (56,74) (74,75) (120,10) (10,50) (50,34) (34,42) (42,43) (43,85) (85,110) (110,67) (67,37) (37,33) (33,3) (3,22) (22,7) (7,105) (7,53) (53,70) (70,71) (71,73) (73,0) (0,117) (120,104) (104,116) (116,48) (48,112) (112,89) (89,69) (69,68) (68,32) (32,31) (31,84) (31,11) (11,57) (11,41) (41,59) (59,6) (6,58) (58,119) (119,36) (36,30) (30,17) (120,14) (14,88) (88,118) (118,77) (77,19) (19,94) (94,52) (52,106) (106,5) (5,16) (16,96) (16,101) (101,99) (99,114) (114,25) (25,102) (102,113) (113,55) (25,100) (100,39) (120,82) (82,29) (29,28) (28,21) (21,27) (27,49) (49,111) (111,79) (79,62) (62,61) (62,18) (18,35) (35,13) (35,86) (86,46) (86,44) (46,65) (44,87) (87,93) (93,91) 


cm200r1.dat
Q=200,cost=992
edges:
(199,51) (51,180) (180,163) (199,31) (31,172) (31,155) (199,108) (108,197) (197,75) (75,121) (199,34) (34,58) (58,26) (58,165) (199,158) (158,44) (44,134) (199,173) (173,25) (25,194) (25,125) (125,87) (199,101) (101,143) (143,78) (78,179) (179,115) (115,40) (199,187) (187,153) (153,21) (21,69) (199,72) (72,36) (36,175) (199,57) (57,54) (54,35) (199,192) (192,48) (192,130) (199,81) (81,127) (81,137) (137,32) (199,160) (160,5) (199,63) (63,20) (63,136) (199,62) (62,11) (11,112) (199,53) (53,135) (135,70) (199,140) (140,109) (109,149) (149,118) (199,28) (28,126) (199,167) (167,65) (65,8) (199,77) (77,182) (182,15) (77,114) (15,122) (122,90) (90,156) (199,38) (38,181) (38,43) (199,174) (174,94) (94,107) (107,145) (199,61) (61,133) (133,84) (84,13) (199,170) (170,93) (93,124) (93,45) (199,129) (129,131) (199,120) (120,123) (199,95) (95,3) (95,86) (199,92) (92,98) (98,71) (199,33) (33,55) (55,146) (146,79) (79,42) (199,4) (4,1) (1,154) (4,176) (176,64) (199,23) (23,116) (116,76) (199,2) (2,148) (148,102) (148,10) (199,73) (73,128) (128,89) (89,96) (96,0) (0,7) (7,159) (199,193) (193,168) (193,68) (199,113) (113,14) (14,191) (199,80) (80,91) (80,111) (111,56) (56,141) (199,97) (97,147) (147,74) (74,6) (199,39) (39,150) (150,177) (177,46) (199,82) (82,49) (49,12) (49,9) (9,88) (199,162) (162,41) (41,142) (199,29) (29,16) (16,144) (144,105) (29,198) (199,50) (50,196) (199,178) (178,37) (37,59) (59,103) (199,66) (66,47) (47,188) (188,138) (66,52) (199,104) (104,30) (104,189) (199,83) (83,164) (199,17) (17,183) (17,169) (17,106) (199,18) (18,190) (190,27) (27,24) (199,132) (132,19) (19,161) (19,152) (199,60) (60,67) (199,100) (100,171) (171,85) (85,119) (199,166) (166,139) (139,157) (199,99) (99,117) (117,22) (22,151) (151,110) (199,185) (185,195) (195,184) (185,186) 


cm200r5.dat
Q=200,cost=947
edges:
(199,167) (167,0) (0,52) (199,6) (6,140) (6,11) (11,139) (199,1) (1,58) (58,39) (39,40) (39,35) (199,69) (69,188) (188,51) (69,84) (199,114) (114,100) (100,147) (100,112) (112,18) (147,105) (199,89) (89,193) (193,115) (115,103) (103,195) (199,192) (192,179) (179,91) (179,113) (199,135) (135,145) (145,29) (199,70) (70,101) (101,36) (36,2) (199,22) (22,152) (22,74) (199,156) (156,159) (159,185) (156,178) (156,157) (199,41) (41,43) (41,3) (199,120) (120,164) (120,128) (199,149) (149,65) (149,165) (165,123) (199,180) (180,53) (53,162) (199,77) (77,87) (87,28) (28,175) (77,79) (199,163) (163,45) (199,46) (46,55) (199,15) (15,73) (73,42) (42,19) (19,137) (199,170) (170,56) (56,186) (186,97) (199,81) (81,34) (81,132) (34,171) (199,68) (68,144) (68,104) (199,78) (78,90) (90,116) (116,131) (199,7) (7,98) (98,67) (199,118) (118,189) (189,110) (118,198) (199,134) (134,154) (134,49) (199,124) (124,88) (88,85) (199,25) (25,10) (10,119) (199,50) (50,125) (125,71) (199,64) (64,155) (64,94) (199,181) (181,13) (199,136) (136,80) (80,150) (150,26) (26,133) (133,197) (199,102) (102,143) (143,61) (102,16) (199,111) (111,48) (111,72) (199,4) (4,107) (4,75) (199,63) (63,129) (129,168) (199,158) (158,99) (99,32) (99,141) (32,169) (199,93) (93,5) (5,190) (190,153) (199,31) (31,59) (59,47) (47,106) (199,60) (60,117) (60,92) (199,9) (9,44) (44,187) (199,17) (17,37) (37,14) (14,62) (199,191) (191,109) (109,108) (199,24) (24,160) (160,130) (199,142) (142,122) (142,184) (199,82) (82,27) (82,66) (66,83) (83,183) (199,86) (86,8) (8,95) (8,121) (199,174) (174,176) (176,173) (173,96) (96,30) (30,138) (138,151) (199,148) (148,196) (196,127) (199,194) (194,126) (126,172) (199,38) (38,21) (21,57) (199,182) (182,54) (54,12) (12,23) (199,33) (33,166) (166,161) (199,146) (146,177) (177,76) (76,20) 


cm200r1.dat
Q=400,cost=390
edges:
(199,28) (28,1) (1,154) (154,46) (46,177) (46,32) (199,72) (72,103) (103,151) (151,102) (151,110) (72,20) (20,68) (103,198) (199,77) (77,182) (182,56) (77,114) (114,172) (172,31) (172,120) (120,108) (199,73) (73,58) (58,26) (58,34) (34,3) (58,74) (74,147) (58,165) (199,18) (18,76) (76,157) (157,12) (76,116) (18,100) (157,139) (139,166) (199,2) (2,111) (111,137) (2,30) (30,126) (30,88) (88,145) (199,132) (132,13) (13,36) (36,50) (50,196) (199,158) (158,93) (93,91) (93,124) (93,170) (170,185) (185,195) (195,184) (91,80) (199,129) (129,179) (179,81) (179,115) (115,65) (81,127) (115,86) (65,152) (199,33) (33,55) (55,136) (136,153) (153,40) (153,187) (187,78) (78,143) (199,193) (193,168) (168,148) (148,10) (148,107) (107,94) (199,173) (173,25) (25,194) (194,156) (156,186) (156,163) (163,180) (156,141) (156,90) (90,122) (163,6) (199,160) (160,5) (160,125) (125,75) (75,197) (75,121) (199,140) (140,109) (109,23) (109,149) (149,118) (118,63) (199,97) (97,131) (131,11) (11,112) (11,62) (199,17) (17,183) (17,82) (17,106) (106,123) (123,61) (61,134) (106,174) (123,87) (199,101) (101,47) (47,188) (188,14) (14,155) (155,27) (27,150) (188,138) (27,190) (27,24) (199,53) (53,169) (169,22) (22,9) (22,189) (22,117) (199,99) (99,15) (99,49) (49,171) (171,0) (0,7) (171,84) (84,133) (7,135) (7,159) (135,70) (199,95) (95,105) (105,57) (105,144) (144,16) (57,79) (16,29) (105,45) (45,21) (199,51) (51,44) (44,42) (42,60) (60,67) (60,39) (199,192) (192,48) (192,130) (130,113) (130,176) (176,4) (176,64) (199,178) (178,54) (54,52) (54,146) (146,19) (19,175) (19,161) (199,92) (92,98) (98,71) (71,8) (8,59) (59,37) (199,66) (66,83) (83,164) (83,69) (83,96) (96,191) (199,162) (162,128) (128,35) (128,89) (162,41) (41,104) (41,142) (199,167) (167,43) (43,38) (38,181) (181,85) (85,119) 


cm200r2.dat
Q=400,cost=474
edges:
(199,102) (102,21) (21,137) (137,76) (137,22) (76,38) (38,70) (137,25) (199,145) (145,93) (145,100) (100,14) (100,42) (42,158) (158,11) (42,24) (100,61) (199,88) (88,4) (4,34) (34,28) (28,3) (34,174) (3,90) (199,106) (106,141) (141,178) (178,74) (106,147) (147,91) (74,84) (84,53) (53,56) (199,110) (110,138) (138,47) (47,27) (138,143) (138,164) (47,120) (164,33) (199,153) (153,23) (23,197) (153,115) (115,1) (197,54) (1,15) (115,85) (199,16) (16,2) (16,99) (2,121) (121,5) (121,66) (66,155) (5,184) (184,13) (199,119) (119,105) (105,31) (105,166) (166,133) (105,196) (31,123) (199,6) (6,82) (6,170) (170,107) (107,83) (82,75) (75,188) (199,177) (177,19) (177,168) (168,32) (32,126) (19,64) (199,131) (131,73) (73,43) (73,163) (43,150) (73,173) (173,46) (46,157) (199,20) (20,63) (20,190) (20,134) (134,182) (63,139) (139,198) (182,69) (199,146) (146,57) (57,183) (183,7) (183,189) (189,79) (189,191) (191,171) (199,49) (49,130) (130,10) (10,128) (10,101) (101,148) (148,9) (10,12) (199,36) (36,95) (95,44) (44,194) (194,108) (44,62) (95,149) (199,58) (58,17) (58,132) (17,169) (169,45) (45,26) (199,71) (71,186) (71,96) (71,112) (112,185) (185,92) (92,161) (199,72) (72,39) (39,117) (117,111) (111,154) (154,167) (111,52) (199,109) (109,181) (181,59) (181,172) (109,113) (181,140) (109,176) (199,116) (116,8) (8,160) (116,175) (8,78) (78,50) (199,180) (180,162) (162,81) (81,80) (80,122) (162,114) (114,35) (80,152) (199,135) (135,40) (40,30) (30,87) (87,77) (30,55) (77,86) (199,151) (151,104) (104,51) (51,0) (0,193) (193,195) (195,37) (199,156) (156,29) (156,129) (29,124) (29,60) (199,94) (94,98) (98,187) (98,125) (125,103) (187,192) (199,18) (18,41) (18,136) (136,179) (41,118) (136,89) (41,127) (199,68) (68,144) (144,48) (68,159) (144,65) (65,142) (159,165) (48,67) (144,97) 


cm200r3.dat
Q=400,cost=556
edges:
(199,136) (136,69) (136,193) (193,93) (93,4) (4,186) (93,117) (117,182) (186,149) (186,102) (117,7) (199,139) (139,75) (139,110) (110,60) (139,48) (48,137) (60,101) (199,174) (174,100) (100,1) (1,150) (1,138) (138,70) (138,103) (100,107) (107,148) (107,57) (199,124) (124,19) (124,44) (124,191) (191,173) (44,65) (65,155) (199,40) (40,145) (145,171) (171,3) (171,141) (141,132) (132,41) (132,39) (39,12) (199,8) (8,83) (83,197) (197,116) (83,86) (199,67) (67,0) (0,64) (64,181) (181,31) (31,109) (199,144) (144,119) (119,98) (98,74) (119,140) (98,175) (74,152) (199,76) (76,43) (43,188) (43,79) (79,10) (76,161) (161,177) (177,14) (199,66) (66,62) (66,122) (66,146) (146,47) (47,5) (66,88) (199,33) (33,84) (84,51) (51,97) (97,2) (2,21) (2,58) (84,147) (199,71) (71,121) (121,49) (49,160) (160,15) (15,113) (15,24) (49,187) (160,176) (199,82) (82,170) (170,77) (170,163) (170,180) (77,120) (120,94) (199,112) (112,9) (9,46) (46,23) (23,125) (46,35) (199,50) (50,195) (195,54) (54,178) (54,157) (178,92) (199,165) (165,16) (16,133) (133,151) (133,68) (68,53) (68,111) (68,114) (114,142) (142,90) (114,30) (199,28) (28,154) (154,169) (169,17) (169,22) (154,36) (199,189) (189,63) (189,184) (184,129) (129,45) (199,153) (153,172) (172,25) (172,166) (172,183) (172,128) (25,95) (25,81) (199,159) (159,105) (105,26) (26,131) (26,52) (131,91) (91,29) (105,156) (199,18) (18,106) (106,108) (108,192) (108,85) (108,78) (108,59) (199,72) (72,143) (143,73) (143,104) (104,134) (104,164) (199,196) (196,38) (196,126) (126,34) (34,11) (34,80) (199,115) (115,135) (135,32) (32,37) (37,167) (37,87) (37,168) (199,179) (179,123) (123,13) (123,42) (13,185) (185,130) (179,194) (199,190) (190,61) (61,162) (162,55) (55,118) (199,158) (158,27) (27,56) (56,96) (96,198) (198,127) (127,89) (198,6) (56,20) (20,99) 


cm200r4.dat
Q=800,cost=274
edges:
(199,117) (117,54) (54,35) (35,159) (117,142) (54,70) (117,115) (115,109) (159,105) (105,104) (104,28) (117,99) (105,81) (81,190) (115,103) (103,150) (54,77) (142,58) (199,75) (75,44) (75,90) (44,198) (198,21) (21,152) (198,187) (21,64) (64,182) (182,39) (21,86) (152,177) (177,98) (198,22) (199,164) (164,0) (164,71) (0,193) (0,76) (0,101) (101,155) (0,145) (145,158) (0,137) (76,102) (102,165) (137,108) (76,132) (165,135) (155,140) (193,163) (199,47) (47,138) (138,46) (138,53) (53,29) (53,42) (199,79) (79,23) (23,78) (78,123) (123,40) (40,133) (40,59) (59,18) (18,16) (18,184) (16,149) (18,20) (16,181) (23,96) (78,31) (199,107) (107,72) (107,136) (136,80) (72,156) (156,12) (12,97) (97,143) (97,169) (97,83) (83,9) (12,25) (25,113) (199,124) (124,189) (189,116) (189,194) (194,183) (183,196) (196,6) (196,121) (6,37) (196,51) (51,191) (37,62) (51,95) (51,27) (116,110) (199,195) (195,170) (170,8) (8,73) (8,127) (127,186) (186,185) (185,36) (185,106) (106,168) (168,174) (185,125) (185,162) (168,188) (162,179) (179,61) (199,26) (26,2) (2,178) (26,94) (178,100) (100,56) (2,118) (118,52) (118,141) (52,93) (93,173) (93,14) (14,3) (3,157) (178,32) (32,7) (7,134) (199,131) (131,60) (60,197) (197,34) (34,67) (67,139) (139,87) (34,148) (148,5) (87,154) (154,45) (87,33) (199,129) (129,146) (129,160) (160,43) (43,176) (176,192) (176,57) (160,119) (119,17) (119,120) (17,50) (50,13) (129,30) (50,84) (199,38) (38,55) (55,19) (19,63) (63,1) (63,111) (1,24) (111,180) (180,89) (111,48) (180,74) (74,92) (48,126) (199,161) (161,68) (161,171) (161,175) (175,128) (128,10) (161,166) (166,82) (10,85) (85,65) (65,167) (10,114) (175,41) (68,15) (199,144) (144,49) (144,122) (122,151) (151,153) (151,69) (69,4) (4,172) (144,130) (69,147) (122,112) (112,11) (153,66) (130,91) (122,88) 


cm200r5.dat
Q=800,cost=291
edges:
(199,6) (6,182) (6,11) (6,140) (11,139) (182,54) (54,60) (60,117) (117,30) (30,138) (30,96) (96,23) (138,151) (30,16) (117,122) (199,174) (174,176) (176,123) (176,173) (173,34) (34,171) (171,145) (145,29) (145,135) (135,24) (135,172) (29,93) (172,126) (145,144) (144,68) (199,22) (22,101) (101,38) (101,170) (170,4) (4,12) (12,28) (28,175) (28,87) (170,56) (28,14) (87,77) (87,177) (177,76) (76,20) (177,131) (199,46) (46,27) (46,49) (46,55) (46,72) (27,82) (46,91) (91,179) (179,192) (192,118) (118,189) (189,146) (189,110) (110,137) (137,19) (199,9) (9,44) (44,187) (44,62) (62,99) (99,32) (32,57) (57,21) (21,183) (183,157) (183,83) (83,66) (21,95) (95,142) (99,158) (95,113) (142,180) (199,33) (33,40) (33,52) (52,0) (33,166) (0,185) (185,159) (159,156) (185,74) (40,64) (64,198) (156,178) (198,61) (61,106) (199,25) (25,164) (164,81) (81,132) (132,155) (155,8) (8,121) (8,107) (8,10) (8,86) (86,197) (8,37) (132,94) (132,141) (199,7) (7,98) (98,43) (98,184) (184,150) (150,26) (43,129) (129,63) (150,84) (84,69) (69,188) (98,67) (98,97) (97,186) (98,31) (199,194) (194,116) (194,143) (143,2) (2,36) (143,51) (143,125) (125,50) (125,71) (71,133) (133,160) (160,130) (130,152) (199,111) (111,48) (48,162) (162,53) (53,42) (53,128) (42,80) (128,120) (120,154) (154,108) (80,136) (136,79) (154,134) (42,73) (73,15) (42,127) (199,181) (181,70) (181,148) (148,196) (196,78) (78,90) (90,13) (90,193) (193,89) (89,124) (124,88) (88,85) (199,41) (41,165) (165,75) (75,5) (165,149) (149,65) (5,190) (199,1) (1,58) (58,39) (39,35) (35,92) (92,17) (35,163) (163,115) (115,103) (103,195) (163,45) (45,119) (163,104) (119,3) (199,102) (102,109) (109,47) (47,59) (102,161) (109,18) (18,112) (112,100) (100,114) (114,168) (112,169) (114,167) (168,191) (100,147) (147,105) (47,153) 

